# name: debug
# type: sparse matrix
# nnz: 324
# rows: 18
# columns: 18

1 1 3799.406029903
2 1 -615.458990057
3 1 -2354.193274798
4 1 77575.444765571
5 1 192621.863265817
6 1 141869.889942602
7 1 -1479.397015509
8 1 453.282173892
9 1 731.441001809
10 1 -11512.773020803
11 1 -16340.625215215
12 1 -15182.835378602
13 1 -2320.009041989
14 1 162.176784607
15 1 1622.752235361
16 1 48812.033399198
17 1 -9341.928330903
18 1 26714.232653807
1 2 -615.458990057
2 2 3096.298990577
3 2 -2099.435316703
4 2 -167047.720247150
5 2 116341.025186963
6 2 -51073.972464438
7 2 -3139.794805699
8 2 -4283.166640853
9 2 5950.826344902
10 2 43951.416112305
11 2 -104759.283938645
12 2 -22131.648860259
13 2 3755.253928469
14 2 1186.867798865
15 2 -3851.390852133
16 2 -87258.350446275
17 2 -15656.115622008
18 2 -63249.751945373
1 3 -2354.193274798
2 3 -2099.435316703
3 3 3512.470505281
4 3 79827.074805485
5 3 -241501.514407729
6 3 -64646.944880345
7 3 3714.648191098
8 3 3204.357196880
9 3 -5478.089354057
10 3 -27713.266774031
11 3 99058.634277708
12 3 29770.116491697
13 3 -1360.455004999
14 3 -1104.921979005
15 3 1965.618731867
16 3 35460.261281743
17 3 20005.120208013
18 3 32236.669939562
1 4 77575.444765576
2 4 -167047.720247146
3 4 79827.074805497
4 4 9568226.834026033
5 4 -3681333.555897376
6 4 4354129.432966704
7 4 144888.010280230
8 4 226754.050192179
9 4 -299014.879360180
10 4 -2426866.539407477
11 4 5265414.360181242
12 4 973303.772892561
13 4 -222463.462392958
14 4 -59706.338143627
15 4 219187.794803132
16 4 5139580.039434984
17 4 705661.683274098
18 4 3621757.823153310
1 5 192621.863265788
2 5 116341.025186970
3 5 -241501.514407728
4 5 -3681333.555897318
5 5 17066796.754366241
6 5 5821394.067475169
7 5 -241847.444559854
8 5 -184724.666082124
9 5 336621.948961369
10 5 1504380.909429438
11 5 -6179201.451772079
12 5 -2000302.513101205
13 5 49225.586294584
14 5 68383.646463026
15 5 -95120.427938099
16 5 -1453417.569932245
17 5 -1334010.214413483
18 5 -1567472.769777246
1 6 141869.889942598
2 6 -51073.972464419
3 6 -64646.944880352
4 6 4354129.432966111
5 6 5821394.067476161
6 6 5572319.648259198
7 6 -23213.503854567
8 6 56491.969136106
9 6 -29931.123364910
10 6 -831072.109634943
11 6 406899.018088557
12 6 -335757.239748787
13 6 -118656.388390906
14 6 -5417.999247225
15 6 94578.065179063
16 6 2589854.119730121
17 6 -187765.209391849
18 6 1564813.274097059
1 7 -1479.397015509
2 7 -3139.794805699
3 7 3714.648191098
4 7 144888.010280230
5 7 -241847.444559854
6 7 -23213.503854567
7 7 20679.248558432
8 7 -14164.853817501
9 7 -3657.435390110
10 7 257664.280451871
11 7 119993.451290066
12 7 222058.833580387
13 7 -19199.851310702
14 7 17304.648878273
15 7 -57.212497532
16 7 300288.380508005
17 7 -400871.718936259
18 7 -37.434979159
1 8 453.282173892
2 8 -4283.166640853
3 8 3204.357196880
4 8 226754.050192179
5 8 -184724.666082124
6 8 56491.969136106
7 8 -14164.853817446
8 8 27692.053555349
9 8 -12582.252001527
10 8 -409803.632776858
11 8 163451.595950617
12 8 -183397.249034737
13 8 13711.571702913
14 8 -23408.886845010
15 8 9377.894882768
16 8 -143542.280659482
17 8 514267.869426380
18 8 154480.903890121
1 9 731.441001809
2 9 5950.826344902
3 9 -5478.089354057
4 9 -299014.879360180
5 9 336621.948961369
6 9 -29931.123364910
7 9 -3657.435390143
8 9 -12582.252001555
9 9 13300.617267757
10 9 150101.782805400
11 9 -227253.314684530
12 9 -13035.966488537
13 9 2925.994164467
14 9 6631.425407241
15 9 -7822.528206666
16 9 -105243.910908570
17 9 -130123.546138459
18 9 -129543.106336695
1 10 -11512.773020803
2 10 43951.416112305
3 10 -27713.266774031
4 10 -2426866.539407477
5 10 1504380.909429438
6 10 -831072.109634943
7 10 257664.280451274
8 10 -409803.632777223
9 10 150101.782805078
10 10 6446449.488378434
11 10 -1744386.156096363
12 10 3280905.352112981
13 10 -246151.507274857
14 10 365852.216789313
15 10 -122388.515831453
16 10 3001104.168044685
17 10 -8311703.797188680
18 10 -2062488.589081889
1 11 -16340.625215215
2 11 -104759.283938645
3 11 99058.634277708
4 11 5265414.360181242
5 11 -6179201.451772079
6 11 406899.018088557
7 11 119993.451289632
8 11 163451.595951678
9 11 -227253.314684579
10 11 -1744386.156108161
11 11 4172705.973185312
12 11 885472.071062425
13 11 -103652.821732997
14 11 -58692.307186931
15 11 128194.686097144
16 11 2652849.003088601
17 11 997267.392887902
18 11 2172564.457064085
1 12 -15182.835378602
2 12 -22131.648860259
3 12 29770.116491697
4 12 973303.772892561
5 12 -2000302.513101205
6 12 -335757.239748787
7 12 222058.833580447
8 12 -183397.249035599
9 12 -13035.966488304
10 12 3280905.352122745
11 12 885472.071065500
12 12 2519519.835081645
13 12 -206875.996022706
14 12 205528.900288600
15 12 -16734.147149266
16 12 3187761.858973701
17 12 -4830196.353794966
18 12 -276117.145413745
1 13 -2320.009041989
2 13 3755.253928469
3 13 -1360.455004999
4 13 -222463.462392958
5 13 49225.586294584
6 13 -118656.388390906
7 13 -19199.851310702
8 13 13711.571702913
9 13 2925.994164467
10 13 -246151.507274857
11 13 -103652.821732997
12 13 -206875.996022706
13 13 21519.860155077
14 13 -17466.825854899
15 13 -1565.539425317
16 13 -349100.408424127
17 13 410213.650897580
18 13 -26676.792432819
1 14 162.176784607
2 14 1186.867798865
3 14 -1104.921979005
4 14 -59706.338143627
5 14 68383.646463026
6 14 -5417.999247225
7 14 17304.648878273
8 14 -23408.886845010
9 14 6631.425407241
10 14 365852.216789313
11 14 -58692.307186931
12 14 205528.900288600
13 14 -17466.825854905
14 14 22222.018834907
15 14 -5526.503682227
16 14 230800.637261200
17 14 -498611.749812991
18 14 -91231.146100506
1 15 1622.752235361
2 15 -3851.390852133
3 15 1965.618731867
4 15 219187.794803132
5 15 -95120.427938099
6 15 94578.065179063
7 15 -57.212497532
8 15 9377.894882768
9 15 -7822.528206666
10 15 -122388.515831453
11 15 128194.686097144
12 15 -16734.147149266
13 15 -1565.539425315
14 15 -5526.503682199
15 15 5856.909891545
16 15 69783.656961264
17 15 110118.430722831
18 15 97306.443378471
1 16 48812.033399198
2 16 -87258.350446275
3 16 35460.261281743
4 16 5139580.039434984
5 16 -1453417.569932245
6 16 2589854.119730121
7 16 300288.380508005
8 16 -143542.280659482
9 16 -105243.910908570
10 16 3001104.168044685
11 16 2652849.003088601
12 16 3187761.858973701
13 16 -349100.408423997
14 16 230800.637261353
15 16 69783.656961110
16 16 6108720.729050471
17 16 -5674272.343579459
18 16 1186180.291066536
1 17 -9341.928330903
2 17 -15656.115622008
3 17 20005.120208013
4 17 705661.683274098
5 17 -1334010.214413483
6 17 -187765.209391849
7 17 -400871.718936259
8 17 514267.869426380
9 17 -130123.546138459
10 17 -8311703.797188680
11 17 997267.392887902
12 17 -4830196.353794966
13 17 410213.650897867
14 17 -498611.749812669
15 17 110118.430723019
16 17 -5674272.343579899
17 17 11436228.769681904
18 17 1850327.363776407
1 18 26714.232653807
2 18 -63249.751945373
3 18 32236.669939562
4 18 3621757.823153310
5 18 -1567472.769777246
6 18 1564813.274097059
7 18 -37.434979159
8 18 154480.903890121
9 18 -129543.106336695
10 18 -2062488.589081889
11 18 2172564.457064085
12 18 -276117.145413745
13 18 -26676.792432548
14 18 -91231.146100162
15 18 97306.443378345
16 18 1186180.291064122
17 18 1850327.363776083
18 18 1643874.315757159
